01001100000000000000000000000010
00010111111011111000000000000001
00010111111011111000000000000001
00100111111000000000000000000010
00111101111000000100000000000000     
00110000000100000000000000000000
00101011111000000000000000000010
00100111111000001000000000000001
00111101111000001100000000000000
00110000001100001000000000000000
00101011111000001000000000000001
00100111111000010000000000000010
00100111111000010100000000000001
01011000010000010100000000000100
00100111111000011100000000000010
00110000011100100000000000000000
01000000100001111000000000000000
01001100000000000000000000010101
00100111111000100100000000000001
00110000100100101000000000000000
01000000101001111000000000000000
01001100000000000000000000010101
00111000000000000000000000000000
00010111111011111000000000000001
00010111111011111000000000000001
00010111111011111000000000000001
00010111111011111000000000000001
00010111111011111000000000000001
00010111111011111000000000000001
00010111111011111000000000000001
00010111111011111000000000000001
00010111111011111000000000000001